
[color_arrow]
r=0.000000
g=0.000000
b=0.000000

[color_grid]
r=0.639216
g=0.635294
b=0.647059

[color_back]
r=0.749020
g=0.733333
b=0.705882

[color_obj]
r=0.631373
g=0.556863
b=0.419608

[color_surf_max]
r=0.000000
g=0.000000
b=0.000000

[color_surf_min]
r=0.000000
g=0.000000
b=0.000000

[color_distnorm_max]
r=0.000000
g=0.000000
b=0.000000

[color_distnorm_min]
r=0.000000
g=0.000000
b=0.000000

[color_surf_range]
color_surf_range_min=0.000000
color_surf_range_max=0.000000

[color_distnorm_range]
color_distnorm_range_min=0.000000
color_distnorm_range_max=0.000000

[lightposition]
lightpos1=0.000000
lightpos2=0.000000
ambiant=0.480000
diffuse=0.520000
specular=0.630000

[probes]
size=1.000000
type=1
